[Sensors]
Number=3
S0Description=Still
S0ConversionType=0
S0R(LowT)=62000.000000
S0R(HighT)=1000.000000
S0CoeffNumber=7
S0Coeff0=-12.5669484834221E+3
S0Coeff1=646.7523912654500E+3
S0Coeff2=-13.7677523811721E+6
S0Coeff3=154.8874892118950E+6
S0Coeff4=-969.4098436443731E+6
S0Coeff5=3.1928992958407E+9
S0Coeff6=-4.3087640734108E+9
S1Description=Cold Plate
S1ConversionType=0
S1R(LowT)=62000.000000
S1R(HighT)=1000.000000
S1CoeffNumber=7
S1Coeff0=-12.5669484834221E+3
S1Coeff1=646.7523912654500E+3
S1Coeff2=-13.7677523811721E+6
S1Coeff3=154.8874892118950E+6
S1Coeff4=-969.4098436443731E+6
S1Coeff5=3.1928992958407E+9
S1Coeff6=-4.3087640734108E+9
S2Description=Mixing Chamber
S2ConversionType=0
S2R(LowT)=120000.000000
S2R(HighT)=1000.000000
S2CoeffNumber=7
S2Coeff0=-12.5669484834221E+3
S2Coeff1=646.7523912654500E+3
S2Coeff2=-13.7677523811721E+6
S2Coeff3=154.8874892118950E+6
S2Coeff4=-969.4098436443731E+6
S2Coeff5=3.1928992958407E+9
S2Coeff6=-4.3087640734108E+9

